Xpoints = [2000 2000 0];
Ypoints = [2000 4000 3000];
Zpoints = [540 540 540];