Xpoints = [0 4000 4000];
Ypoints = [-300 -300 2000];
Zpoints = [540 540 540];