[TFPpal]
FormVersion=0
Flags=0
ShowCmd=1
PixelsPerInch=96
MinMaxPos(1280x1024)=-1,-1,-3,-3
MinMaxPos=-1,-1,-1,-1
NormPos(1280x1024)=413,47,995,791
Visible=0
pc_main_ActivePage=ts_pid
MinMaxPos(1024x768)=-1,-1,-1,-1
NormPos(1024x768)=-206,0,376,744
cb_color1_Anchors=[akLeft,akTop]
cb_color2_Anchors=[akLeft,akTop]
ed_export_Text=C:\Mariano\AP
cb_allsentences_Checked=false
cb_color1_Color=-2147483643
cb_color2_Color=-2147483643
cb_dtprefix_Checked=false
cb_inflight_Checked=false
ed_exportMat_FileName=Select File To Import
ed_importLog_FileName=Select File To Import
ed_liveLog_FileName=Select File To Import
MinMaxPos(1192x953)=-1,-1,-3,-3
NormPos(1192x953)=311,86,893,834
MinMaxPos(1192x829)=-1,-1,-1,-1
NormPos(1192x829)=430,10,1012,758
MinMaxPos(1192x836)=-1,-1,-3,-3
NormPos(1192x836)=272,49,854,797
MinMaxPos(1280x953)=-1,-1,-3,-3
NormPos(1280x953)=568,29,1150,773
MinMaxPos(1280x829)=-1,-1,-3,-3
NormPos(1280x829)=78,3,660,751
MinMaxPos(1280x1002)=-1,-1,-3,-3
NormPos(1280x1002)=327,37,909,785
MinMaxPos(1920x1129)=-1,-1,-3,-3
NormPos(1920x1129)=-200,-2,382,746
ed_d1_Value=0.0004
ed_d10_Value=0
ed_d2_Value=0
ed_d3_Value=-0.005
ed_d4_Value=0
ed_d5_Value=0.007
ed_d6_Value=0
ed_d7_Value=0
ed_d8_Value=0
ed_d9_Value=0
ed_hei1_Value=220
ed_hei10_Value=350
ed_hei2_Value=220
ed_hei3_Value=220
ed_hei4_Value=220
ed_hei5_Value=350
ed_hei6_Value=350
ed_hei7_Value=350
ed_hei8_Value=350
ed_hei9_Value=350
ed_i1_Value=0.2
ed_i10_Value=0
ed_i2_Value=0.008
ed_i3_Value=-0.06
ed_i4_Value=0.001
ed_i5_Value=0.04
ed_i6_Value=85
ed_i7_Value=0
ed_i8_Value=0
ed_i9_Value=0
ed_p1_Value=0.4
ed_p10_Value=0
ed_p2_Value=0.025
ed_p3_Value=-0.2
ed_p4_Value=0.03
ed_p5_Value=0.7
ed_p6_Value=85
ed_p7_Value=0
ed_p8_Value=0
ed_p9_Value=0
ed_height_Value=220
ed_r_Value=0
ed_airspeed_Value=14
ed_gs_file_Text=C:\Mariano\UCSC\APCode\GroundStation\gs_test.kml
MinMaxPos(1223x864)=-1,-1,-3,-3
NormPos(1223x864)=413,47,995,784
ed_lat1_Value=36.9900642
ed_lat10_Value=0
ed_lat2_Value=36.9884091
ed_lat3_Value=36.9884685
ed_lat5_Value=0
ed_lat6_Value=0
ed_lat7_Value=0
ed_lat8_Value=0
ed_lat9_Value=0
ed_lon1_Value=-122.0540392
ed_lon10_Value=0
ed_lon2_Value=-122.0539329
ed_lon3_Value=-122.0491511
ed_lon4_Value=-122.0492884
ed_lon5_Value=0
ed_lon6_Value=0
ed_lon7_Value=0
ed_lon8_Value=0
ed_lon9_Value=0

NormPos=-206,0,376,744
ed_lat4_Value=36.9900889
MinMaxPos(1920x1200)=-1,-1,-3,-3
NormPos(1920x1200)=620,56,1202,800
